ReturnDate TerritoryKey ProductKey ReturnQuantity
10/1/2011             4        778              1
10/1/2011             6        732              1
10/1/2011            10        758              1
10/1/2011            10        777              1
10/1/2011            10        728              1
10/2/2011             1        780              1
10/2/2011             1        735              1
10/2/2011             4        714              1
10/2/2011             4        729              1
10/2/2011             9        715              1
10/2/2011            10        729              1
10/3/2011             8        752              1
10/4/2011             4        779              1
10/4/2011             4        787              1
10/4/2011             6        780              1
10/4/2011             9        714              1
10/5/2011             1        785              1
10/5/2011             6        780              1
10/5/2011            10        766              1
10/6/2011             4        785              1
10/6/2011             9        723              1
10/6/2011             9        760              1
10/6/2011             9        777              1
10/6/2011             9        778              1
10/6/2011             9        788              1
10/7/2011             6        738              1
10/7/2011            10        735              1
10/8/2011             1        736              1
10/8/2011             4        777              1
10/8/2011             9        780              1
10/8/2011             9        740              1
10/9/2011             1        723              1
10/9/2011             1        778              1
10/9/2011             4        723              1
10/9/2011             7        729              1
10/9/2011             7        730              1
10/9/2011             8        735              1
10/9/2011             9        777              1
10/9/2011            10        764              1
10/9/2011            10        780              1
10/9/2011            10        729              1
10/10/2011            4        732              1
10/10/2011            4        764              1
10/10/2011            4        737              1
10/10/2011            9        778              1
10/10/2011            9        729              1
10/10/2011            9        735              1
10/10/2011           10        779              1
10/10/2011           10        735              1
10/11/2011            1        780              1
10/11/2011            4        728              1
10/11/2011            6        700              1
10/11/2011            9        730              1
10/12/2011            6        776              1
10/12/2011            6        737              1
10/12/2011            6        739              1
10/12/2011            9        760              1
10/12/2011           10        714              1
10/12/2011           10        715              1
10/13/2011            9        723              1
10/13/2011            9        783              1
10/13/2011           10        740              1
10/14/2011            1        781              1
10/14/2011            4        715              1
10/14/2011            9        777              1
10/15/2011            1        704              1
10/15/2011           10        752              1
10/16/2011            4        779              1
10/16/2011            4        785              1
10/16/2011            9        789              1
10/16/2011           10        781              1
10/17/2011            6        780              1
10/17/2011            8        730              1
10/17/2011            9        785              1
10/17/2011            9        738              1
10/18/2011            7        782              1
10/19/2011            4        789              1
10/19/2011            9        720              1
10/19/2011            9        754              1
10/20/2011            1        766              1
10/20/2011            1        780              1
10/20/2011            1        735              1
10/20/2011            9        764              1
10/20/2011           10        778              1
10/21/2011            1        723              1
10/21/2011            4        782              1
10/21/2011            6        715              1
10/21/2011            9        737              1
10/21/2011            9        739              1
10/22/2011            1        705              1
10/22/2011            6        730              1
10/22/2011            7        705              1
10/22/2011            9        779              1
10/22/2011            9        737              1
10/23/2011            1        723              1
10/23/2011            4        760              1
10/23/2011            4        785              1
10/24/2011            4        714              1
10/24/2011            7        766              1
10/24/2011            8        741              1
10/25/2011            4        740              1
10/25/2011            4        706              1
10/25/2011            9        777              1
10/25/2011            9        781              1
10/25/2011           10        785              1
10/26/2011            1        789              1
10/26/2011            1        728              1
10/26/2011            1        729              1
10/26/2011            1        730              1
10/26/2011            4        788              1
10/26/2011            8        778              1
10/26/2011            9        741              1
10/27/2011            6        720              1
10/27/2011            9        789              1
10/28/2011            4        723              1
10/28/2011            7        780              1
10/28/2011            7        784              1
10/28/2011            7        777              1
10/28/2011            9        720              1
10/28/2011            9        777              1
10/28/2011           10        771              1
10/29/2011            4        781              1
10/29/2011            6        741              1
10/29/2011            8        735              1
10/29/2011            9        738              1
10/29/2011           10        777              1
10/30/2011            4        737              1
10/30/2011            6        775              1
10/30/2011            9        758              1
10/30/2011           10        771              1
10/31/2011            1        796              1
10/31/2011            4        715              1
10/31/2011            7        730              1
10/31/2011            8        758              1
10/31/2011            8        728              1
10/31/2011            8        784              1
10/31/2011            9        704              1
